Materials: [ 0 ]
LightMapResolution: 64
ExtendedBounds: BoxSphereBounds [Origin={ 
X: 5.184804E-44
Y: 0
Z: 6.586103E-44
 }, BoxExtent={ 
X: 0
Y: 1.681558E-44
Z: 0
 }, SphereRadius=6.726233E-44]
