MyDeltaTime: 0.01127278f
SpiritLoopingTimeSeconds: 6.28517f
