SizeX: 64
SizeY: 64
SizeZ: 64
Bounds: { Min: { X: -53.11698, Y: -26, Z: -33.27322 }, Max: { X: 35.90559, Y: 70.38127, Z: 34.96807 } }
