Materials: [ 0 ]
ExtendedBounds: BoxSphereBounds [Origin={ 
X: 5.885454E-44
Y: 0
Z: 7.567012E-44
 }, BoxExtent={ 
X: 0
Y: 1.681558E-44
Z: 0
 }, SphereRadius=7.987401E-44]
