Materials: [ 0 ]
ExtendedBounds: BoxSphereBounds [Origin={ 
X: 1.541428E-44
Y: 0
Z: 9.668959E-44
 }, BoxExtent={ 
X: 0
Y: 1.681558E-44
Z: 0
 }, SphereRadius=1.022948E-43]
