StartSkyFog: 2000f
DistanceSkyFog: 4000f
SunRadius: 0.001f
FadeToMistColour: LinearColor [R=0.406738, G=0.432693, B=0.53125, A=1]
