Overall Color: { Linear Color [A=1, R=0.310236, G=0.330739, B=0.40625] }
Cloud opacity: 0f
StartSkyFog: 1500f
DistanceSkyFog: 4000f
MoonStartOffset: 2750f
