Overall Color: LinearColor [R=0.015505, G=0.019019, B=0.026042, A=30]
StartSkyFog: 1500f
DistanceSkyFog: 3000f
