Overall Color: { Linear Color [A=2.5, R=0.018094, G=0.052083, B=0.038193] }
DistanceSkyFog: 3000f
MoonStartOffset: 2500f
